t = 2;

e1 = [-1 0 0; 2*t 1 0; 2/t 0 1];
e2 = [1 2/t 0; 0 -1 0; 0 2*t 1];
e3 = [1 0 2*t; 0 1 2/t; 0 0 -1];

A = e1 + e2 + e3;

a = [1;0;0];
b = [0;1;0];

e1*a

